%YAML:1.0
---
cameraMatrix: !!opencv-matrix
   rows: 3
   cols: 3
   dt: d
   data: [ 1.5754108670997639e+03, 0., 9.7626121802635407e+02, 0.,
       1.5717224359398226e+03, 5.7135445053109106e+02, 0., 0., 1. ]
distCoeffs: !!opencv-matrix
   rows: 1
   cols: 5
   dt: d
   data: [ 4.3651647364245744e-01, -3.1772901593595240e+00,
       2.1070001064204457e-03, 1.8492055868427389e-03,
       6.5313300440393744e+00 ]
