%YAML:1.0
---
cameraMatrix: !!opencv-matrix
   rows: 3
   cols: 3
   dt: d
   data: [ 1.5045814501202790e+03, 0., 9.6442035005869900e+02, 0.,
       1.5066446935120762e+03, 5.3637144548900244e+02, 0., 0., 1. ]
distCoeffs: !!opencv-matrix
   rows: 1
   cols: 5
   dt: d
   data: [ 3.9626454172776632e-01, -2.5689007335445475e+00,
       -4.2189376866905628e-03, 2.2079481537779400e-03,
       4.5390098277697222e+00 ]
