%YAML:1.0
---
cameraMatrix: !!opencv-matrix
   rows: 3
   cols: 3
   dt: d
   data: [ 1.5210854147825523e+03, 0., 9.5264072920750630e+02, 0.,
       1.5220010501373945e+03, 5.5175450881770780e+02, 0., 0., 1. ]
distCoeffs: !!opencv-matrix
   rows: 1
   cols: 5
   dt: d
   data: [ 3.6818238470785941e-01, -2.4288949326716387e+00,
       2.4611682433000304e-03, 6.8682976250353874e-04,
       4.9441917218577958e+00 ]
